%temperature data in mK

T=[ .001:.001:.009, 0.01:.01:1.49, 1.5:.1:10, 10.5:.5:70];
