# Created by Octave 3.6.4, Thu Aug 15 15:12:27 2013 UTC <sla@localhost.localdomain>
# name: tav_lt
# type: matrix
# rows: 1
# columns: 101
 NaN 1.478953611898381e+71 3.596502470036034e+32 4.417035027183185e+19 14797061716077.21 1876397447.243219 4649286.906151837 63119.85911092309 2484.852352653937 199.1169176319428 26.25983341296242 4.978081545984935 1.239332016465932 0.3806125848531536 0.1378830250379286 0.0570166527413097 0.02625684851852992 0.01321391622957939 0.007161131293664049 0.004130895868002704 0.002512900949926761 0.001599915979028158 0.001059557624613339 0.0007261678455663705 0.0005128403512142975 0.0003718800763387631 0.0002760455362126047 0.000209214624193447 0.0001615375729980431 0.0001268220775479651 0.0001010732994329303 8.166512041051261e-05 6.680014929994218e-05 5.525586768749409e-05 4.617596086703984e-05 3.895070315326775e-05 3.31393354805902e-05 2.841875873926172e-05 2.454903901560371e-05 2.134984655683714e-05 1.868412451371579e-05 1.644661276384853e-05 1.455567952903398e-05 1.294743726485033e-05 1.157145611267683e-05 1.038760801594436e-05 9.363720061078575e-06 8.473813125176208e-06 7.696768105132997e-06 7.015307456641571e-06 6.415211329095258e-06 5.885098301336534e-06 5.414693086752802e-06 4.995820993326712e-06 4.621610137544769e-06 4.286257077328911e-06 3.984839099667856e-06 3.713163038806863e-06 3.467642868991587e-06 3.245200092116344e-06 3.04318228205799e-06 2.859296166999714e-06 2.691552410701573e-06 2.53821985341671e-06 2.397787437123842e-06 2.268932400633328e-06 2.150493612301427e-06 2.041449129824497e-06 1.940897251667254e-06 1.848040463555633e-06 1.762171794103414e-06 1.682682347753935e-06 1.60898952609272e-06 1.540595280002202e-06 1.477054570068227e-06 1.417969049034683e-06 1.362981594508591e-06 1.311771560969503e-06 1.264050639196989e-06 1.219559225813262e-06 1.178063215974654e-06 1.13936053685628e-06 1.10324712970374e-06 1.069549640238461e-06 1.038109920810446e-06 1.008782625745356e-06 9.814325568622564e-07 9.559314694764327e-07 9.321538702016238e-07 9.099710115868654e-07 8.892416753265346e-07 8.69797068430146e-07 8.514149617127867e-07 8.337728402311461e-07 8.163561222741907e-07 7.982674125625937e-07 7.777888563869958e-07 7.512361430750577e-07 7.092894777081982e-07 6.200916202481873e-07 NaN


